# Different number of features

(78.688524590163937, 0.85245901639344257, 0.32190305615927445)
(78.688524590163937, 0.85245901639344257, 0.32873025386930926)
(78.688524590163937, 0.85245901639344257, 0.32515632515632514)
(78.688524590163937, 0.85245901639344257, 0.32515632515632514)
(79.234972677595621, 0.8306010928961749, 0.33976470588235297)
(80.874316939890704, 0.76502732240437155, 0.38176949306055036)
(80.874316939890704, 0.76502732240437155, 0.3859138755980861)
(80.874316939890704, 0.76502732240437155, 0.38176949306055036)
(80.874316939890704, 0.76502732240437155, 0.38176949306055036)
(80.327868852459019, 0.78688524590163933, 0.3662330265439509)
11;(79.234972677595621, 0.8306010928961749, 0.33630856760374833)
15;(79.78142076502732, 0.80874316939890711, 0.35475425557420281)
23;(78.688524590163937, 0.85245901639344257, 0.31896494066882414)
39;(75.95628415300547, 0.96174863387978138, 0.26021154415126818)
71;(77.049180327868854, 0.91803278688524592, 0.278376759508835)
135;(71.038251366120221, 1.1584699453551912, 0.17730263157894738)
263;(65.573770491803273, 1.3770491803278688, 0.11898788272205994)
519;(61.748633879781423, 1.5300546448087431, 0.095011817226890755)
1031;(54.644808743169399, 1.8142076502732241, 0.027222222222222221)
2055;(59.016393442622949, 1.639344262295082, 0.028518518518518519)
4103;(57.923497267759565, 1.6830601092896176, 0.0022142857142857142)
8199;(40.983606557377051, 2.360655737704918, nan)
16391;(40.983606557377051, 2.360655737704918, nan)
32775;(40.983606557377051, 2.360655737704918, nan)
