Occur.	  number of words
6144      1
1         17011
2         3995
3         1927
4         1161
5         826
6         628
7         463
8         359
9         292
10        211
11        228
12        153
13        158
14        127
15        123
16        116
17        97
18        97
19        80
20        76
21        73
22        58
23        65
24        49
25        62
26        47
27        36
28        40
29        34
30        41
31        50
32        31
33        18
34        32
35        33
36        26
37        17
38        29
39        27
40        28
41        22
42        17
43        18
44        21
45        15
46        25
47        15
48        15
49        23
50        11
51        12
52        19
53        15
54        16
55        16
56        6
57        9
58        8
59        10
60        10
61        8
2110      1
63        5
64        11
65        9
66        17
67        11
68        8
69        10
70        9
71        4
72        9
73        10
74        6
75        3
76        7
77        7
78        8
79        5
80        8
81        9
82        5
83        6
84        8
85        3
86        3
87        5
88        6
89        5
90        6
91        5
92        3
93        8
94        2
95        6
96        5
97        5
98        9
99        3
100       4
101       6
102       2
103       6
104       8
105       5
106       3
107       7
108       4
109       5
110       2
111       3
112       4
113       7
114       3
115       3
116       3
117       3
118       2
119       2
121       3
122       3
123       1
124       4
125       6
126       1
127       2
128       2
129       2
130       4
131       2
132       4
133       2
134       1
135       3
136       3
137       1
138       4
139       2
140       2
141       4
143       2
144       5
145       3
146       7
147       3
148       1
149       2
151       2
152       2
154       4
156       1
157       4
158       3
159       1
161       4
162       3
163       2
164       2
165       2
166       3
167       1
168       2
169       1
170       2
171       2
4268      1
173       4
174       1
176       2
177       1
178       1
179       3
182       1
183       2
185       4
186       2
187       2
188       2
189       2
190       4
373       1
192       1
193       1
194       1
195       1
196       2
197       2
198       1
199       1
201       3
202       1
203       2
204       1
205       1
209       1
210       1
211       1
2260      1
213       1
216       2
217       1
218       1
220       1
221       1
222       1
223       1
224       1
225       4
226       3
227       4
230       2
231       3
232       1
233       2
234       2
2087      1
236       2
237       1
238       2
239       1
240       1
241       1
242       1
244       5
245       1
246       3
248       1
249       1
250       2
251       1
253       3
254       1
255       2
256       2
257       2
258       1
2307      1
261       2
262       3
264       3
265       5
267       2
268       1
269       2
270       4
274       1
275       2
277       1
280       1
282       3
285       2
288       1
291       1
292       1
293       1
294       2
295       1
296       1
298       1
301       1
302       2
305       1
307       1
309       1
310       1
311       1
318       1
319       1
321       1
322       1
323       1
324       2
332       1
339       1
340       2
342       1
345       1
346       1
347       1
350       1
352       1
353       2
354       1
355       1
359       1
4156      1
362       1
363       3
365       1
371       1
372       1
62        7
374       1
376       1
377       1
378       1
379       2
380       1
383       1
384       1
387       1
390       1
391       1
392       1
397       1
401       2
402       1
407       1
408       1
420       1
421       1
422       1
423       1
424       1
426       1
427       1
430       2
435       1
436       1
438       1
4540      1
448       1
449       1
456       1
457       3
2511      1
477       1
487       1
490       1
493       1
495       1
496       1
499       1
503       1
504       1
512       1
518       1
519       1
2568      1
536       2
537       1
547       1
556       1
558       1
574       1
579       1
582       1
593       1
2645      1
602       1
603       1
605       1
608       1
609       1
615       1
621       1
632       1
635       1
640       1
641       2
652       1
655       1
661       1
662       1
668       1
670       1
676       1
687       1
692       1
2745      1
698       1
710       1
717       1
734       1
736       1
743       1
744       1
751       2
2139      1
4863      1
772       1
780       1
783       1
826       1
829       1
842       1
843       1
861       1
867       1
877       1
879       1
886       1
4993      1
906       1
908       1
915       1
921       1
922       1
943       1
945       1
959       1
964       1
3025      1
984       1
987       1
989       1
993       1
1004      1
1019      1
1021      1
3072      1
1053      1
1065      1
1070      2
2909      1
1075      1
1116      1
1119      1
1120      1
191       1
1164      1
1169      1
3224      1
1177      1
1183      1
1184      1
1187      1
1188      1
1192      1
1195      1
1203      1
3311      1
1265      1
212       4
1282      1
1308      1
1310      1
1311      1
1341      1
1347      1
7506      1
1371      1
14566     1
1388      1
7538      1
235       3
1412      1
1419      1
1420      1
1436      1
1458      1
13753     1
1507      1
7704      1
2653      1
1589      1
1599      1
1601      1
3666      1
1630      1
5730      1
7815      1
1693      1
2398      1
3787      1
1773      1
9966      1
2344      1
2017      1
1872      1
3924      1
1889      1
6002      1
1939      1
22424     1
1948      1
1959      1
4065      1
